# Created by Octave 3.8.1, Thu Nov 26 03:38:46 2015 CET <timo@timo-P35-DS3>
# name: ans
# type: sq_string
# elements: 1
# length: 28
/home/timo/Documents/Studium


# name: ax
# type: matrix
# rows: 1
# columns: 2
 -25.21136435716815 -9.797528423463215


# name: c
# type: matrix
# rows: 1
# columns: 7
 35 38 45 62 75 84 88


# name: cint
# type: matrix
# rows: 1
# columns: 241
 33.23241590214067 33.28111553899083 33.33449770642202 33.39247811544342 33.45497247706422 33.52189650229358 33.59316590214068 33.66869638761468 33.74840366972477 33.83220345948012 33.92001146788991 34.0117434059633 34.10731498470948 34.20664191513762 34.30963990825688 34.41622467507645 34.5263119266055 34.63981737385321 34.75665672782875 34.87674569954128 35 35.12633534021407 35.25566743119266 35.38791198394495 35.52298470948012 35.66080131880734 35.80127752293578 35.94432903287462 36.08987155963302 36.23782081422019 36.38809250764526 36.54060235091743 36.69526605504587 36.85199933103976 37.01071788990826 37.17133744266055 37.33377370030581 37.49794237385321 37.66375917431193 37.83113981269113 38 38.1702554472477 38.34182186544343 38.51461496559633 38.6885504587156 38.8635440558104 39.03951146788991 39.2163684059633 39.39403058103976 39.57241370412844 39.75143348623853 39.9310056383792 40.11104587155963 40.29146989678899 40.47219342507645 40.6531321674312 40.83420183486238 41.01531813837921 41.19639678899082 41.37735349770642 41.55810397553517 41.73856393348624 41.91864908256881 42.09827513379205 42.27735779816513 42.45581278669725 42.63355581039755 42.81050258027523 42.98656880733945 43.16167020259939 43.33572247706422 43.50864134174311 43.68034250764526 43.85074168577982 44.01975458715597 44.18729692278288 44.35328440366973 44.51763274082569 44.68025764525994 44.84107482798165 45 45.1570142180598 45.31235992184845 45.46634489678899 45.61927692830445 45.77146380181787 45.92321330275229 46.07483321653075 46.22663132857628 46.37891542431193 46.53199328916072 46.6861727085457 46.84176146788991 46.99906735261638 47.15839814814815 47.32006163990826 47.48436561331974 47.65161785380564 47.82212614678899 47.99619827769283 48.1741420319402 48.35626519495413 48.54287555215766 48.73428088897384 48.93078899082569 49.13270764313626 49.34034463132858 49.55400774082569 49.77400475705063 50.00064346542644 50.23423165137615 50.4750771003228 50.72348759768943 50.97977092889909 51.24423487937479 51.51718723453958 51.79893577981651 52.08978830062861 52.39005258239892 52.70003641055046 53.02004757050629 53.35039384768943 53.69138302752293 54.04332289542983 54.40652123683316 54.78128583715596 55.16792448182127 55.56674495625212 55.97805504587156 56.40216253610262 56.83937521236833 57.29000086009174 57.75434726469589 58.23272221160381 58.72543348623853 59.23278887402311 59.75509616038056 60.29266313073394 60.84579757050629 61.41480726512063 62 62.60136152522936 63.21758944954129 63.84705934633028 64.48814678899083 65.13922735091744 65.79867660550458 66.46487012614679 67.13618348623854 67.81099225917431 68.48767201834862 69.16459833715597 69.84014678899082 70.5126929472477 71.1806123853211 71.8422806766055 72.49607339449541 73.14036611238532 73.77353440366973 74.39395384174313 75 75.59034833715596 76.16487385321101 76.72375143348624 77.26715596330276 77.79526232798165 78.30824541284403 78.80628010321101 79.28954128440367 79.75820384174312 80.21244266055047 80.65243262614679 81.07834862385322 81.49036553899083 81.88865825688073 82.27340166284404 82.64477064220183 83.00294008027524 83.34808486238532 83.68037987385321 84 84.30712012614678 84.60191513761468 84.88455991972477 85.15522935779816 85.41409833715596 85.66134174311927 85.89713446100917 86.12165137614679 86.33506737385321 86.53755733944953 86.72929615825689 86.91045871559633 87.08121989678899 87.24175458715597 87.39223767201835 87.53284403669724 87.66374856651376 87.785126146789 87.89715166284404 88 88.09384604357798 88.17886467889909 88.2552307912844 88.32311926605504 88.38270498853211 88.43416284403669 88.47766771788991 88.51339449541284 88.54151806192661 88.5622133027523 88.57565510321101 88.58201834862385 88.58147792431193 88.57420871559633 88.56038560779817 88.54018348623853 88.51377723623852 88.48134174311926 88.44305189220184 88.39908256880734 88.34960865825688 88.29480504587156 88.23484661697248 88.16990825688073 88.10016485091744 88.02579128440367 87.94696244266055 87.86385321100917 87.77663847477064 87.68549311926606 87.59059202981651 87.49211009174311 87.39022219036697 87.28510321100917 87.17692803899082 87.06587155963302 86.95210865825688 86.83581422018348 86.71716313073394 86.59633027522935


# name: h1
# type: scalar
-4.708112433223001


# name: h2
# type: scalar
-3.616371216431087


# name: herr
# type: scalar
-35.08411918204086


# name: hpip
# type: scalar
-39.80187907917337


# name: p
# type: matrix
# rows: 1
# columns: 7
 80 83 85 98 118 127 130


# name: pint
# type: matrix
# rows: 1
# columns: 241
 76.42298850574713 76.60678631465517 76.79048879310345 76.97402503591954 77.15732413793103 77.34031519396552 77.52292729885058 77.70508954741379 77.88673103448276 78.06778085488506 78.24816810344828 78.42782187500001 78.60667126436782 78.78464536637931 78.96167327586207 79.13768408764368 79.31260689655173 79.4863707974138 79.65890488505747 79.83013825431034 80 80.16841921695402 80.335325 80.50064644396552 80.66431264367816 80.82625269396551 80.98639568965517 81.14467072557471 81.30100689655173 81.45533329741379 81.6075790229885 81.75767316810345 81.90554482758621 82.05112309626436 82.19433706896552 82.33511584051725 82.47338850574712 82.60908415948276 82.74213189655173 82.87246081178161 83 83.12467855603448 83.24642557471265 83.36517015086207 83.48084137931035 83.59336835488506 83.70268017241379 83.80870592672414 83.91137471264368 84.010615625 84.10635775862069 84.19853020833334 84.28706206896551 84.37188243534483 84.45292040229884 84.53010506465517 84.60336551724139 84.67263085488506 84.73783017241379 84.79889256465518 84.85574712643678 84.9083229525862 84.95654913793103 85.00035477729885 85.03966896551724 85.07442079741379 85.10453936781609 85.12995377155173 85.15059310344827 85.16638645833333 85.17726293103448 85.18315161637931 85.1839816091954 85.17968200431035 85.17018189655172 85.15541038074713 85.13529655172414 85.10976950431035 85.07875833333334 85.04219213362069 85 84.95224301165389 84.89951018518518 84.84252252155173 84.78200102171137 84.71866668662197 84.65324051724139 84.58644351452746 84.51899667943806 84.45162101293103 84.38503751596424 84.31996718949553 84.25713103448275 84.19725005188378 84.14104524265645 84.08923760775862 84.04254814814814 84.00169786478288 83.96740775862069 83.94039883061942 83.92139208173691 83.91110851293104 83.91026912515964 83.91959491938059 83.93980689655173 83.97162605763091 84.01577340357599 84.07296993534483 84.14393665389528 84.22939456018518 84.33006465517241 84.44666793981482 84.57992541507025 84.73055808189655 84.8992869412516 85.08683299409323 85.2939172413793 85.52126068406768 85.76958432311622 86.03960915948277 86.33205619412516 86.64764642800128 86.98710086206897 87.35114049728608 87.74048633461047 88.15585937500001 88.59798061941251 89.06757106880588 89.56535172413793 90.09204358636654 90.64836765644955 91.23504493534483 91.85279642401022 92.50234312340358 93.18440603448276 93.89970615820562 94.64896449553001 95.43290204741379 96.25223981481481 97.10769879869093 98 98.92902776580459 99.8913198275862 100.882577262931 101.8985011494253 102.9347925646552 103.9871525862069 105.0512822916667 106.1228827586207 107.1976550646552 108.2713002873563 109.3395195043103 110.3980137931034 111.4424842313218 112.4686318965517 113.4721578663793 114.4487632183908 115.3941490301724 116.3040163793103 117.1740663433908 118 118.7785641882184 119.5106887931035 120.1983494612069 120.8435218390805 121.4481815732759 122.0143043103448 122.5438656968391 123.0388413793103 123.5012070043103 123.9329382183908 124.3360106681035 124.7124 125.0640818606322 125.3930318965517 125.7012257543103 125.9906390804598 126.2632475215517 126.5210267241379 126.7659523347701 127 127.2248404813218 127.440925 127.6483998922414 127.8474114942529 128.0381061422414 128.2206301724138 128.395129920977 128.5617517241379 128.7206419181034 128.8719468390805 129.0158128232759 129.1523862068966 129.2818133261494 129.4042405172414 129.5198141163793 129.6286804597701 129.7309858836207 129.8268767241379 129.9164993175287 130 130.0775251077586 130.1492209770115 130.2152339439655 130.2757103448276 130.3307965158046 130.3806387931035 130.425383512931 130.4651770114943 130.500165625 130.5304956896552 130.5563135416667 130.5777655172414 130.5949979525862 130.608157183908 130.6173895474138 130.6228413793104 130.6246590158046 130.6229887931034 130.6179770474138 130.6097701149425 130.5985143318966 130.5843560344828 130.5674415589081 130.5479172413793 130.5259294181035 130.5016244252874 130.4751485991379 130.4466482758621 130.4162697916667 130.3841594827586 130.3504636853448 130.3153287356322 130.2789009698276 130.2413267241379 130.2027523347701 130.163324137931 130.1231884698276 130.0824916666667 130.0413800646552 130


# name: pn
# type: matrix
# rows: 1
# columns: 8
 80 83 85 98 118 127 130 130


# name: t
# type: matrix
# rows: 1
# columns: 7
 50 60 80 110 120 130 140


# name: tn
# type: matrix
# rows: 1
# columns: 8
 50 60 80 110 120 130 140 160


# name: xint
# type: matrix
# rows: 1
# columns: 241
 40 40.5 41 41.5 42 42.5 43 43.5 44 44.5 45 45.5 46 46.5 47 47.5 48 48.5 49 49.5 50 50.5 51 51.5 52 52.5 53 53.5 54 54.5 55 55.5 56 56.5 57 57.5 58 58.5 59 59.5 60 60.5 61 61.5 62 62.5 63 63.5 64 64.5 65 65.5 66 66.5 67 67.5 68 68.5 69 69.5 70 70.5 71 71.5 72 72.5 73 73.5 74 74.5 75 75.5 76 76.5 77 77.5 78 78.5 79 79.5 80 80.5 81 81.5 82 82.5 83 83.5 84 84.5 85 85.5 86 86.5 87 87.5 88 88.5 89 89.5 90 90.5 91 91.5 92 92.5 93 93.5 94 94.5 95 95.5 96 96.5 97 97.5 98 98.5 99 99.5 100 100.5 101 101.5 102 102.5 103 103.5 104 104.5 105 105.5 106 106.5 107 107.5 108 108.5 109 109.5 110 110.5 111 111.5 112 112.5 113 113.5 114 114.5 115 115.5 116 116.5 117 117.5 118 118.5 119 119.5 120 120.5 121 121.5 122 122.5 123 123.5 124 124.5 125 125.5 126 126.5 127 127.5 128 128.5 129 129.5 130 130.5 131 131.5 132 132.5 133 133.5 134 134.5 135 135.5 136 136.5 137 137.5 138 138.5 139 139.5 140 140.5 141 141.5 142 142.5 143 143.5 144 144.5 145 145.5 146 146.5 147 147.5 148 148.5 149 149.5 150 150.5 151 151.5 152 152.5 153 153.5 154 154.5 155 155.5 156 156.5 157 157.5 158 158.5 159 159.5 160


# name: yerr
# type: matrix
# rows: 1
# columns: 7
 2.5 2.5 3 5 6 6.5 7


